1.5
0.185
2.5
2.5
1.6666666666666667
1.25
2.487562189054726
1
3
2.5
1.6
1.6666666666666667
0.1
0.185
1.25
1.6666666666666667
2.5
1.25
1.5
0.1
1.2
2.5
1.25
2.487562189054726
1
1.25
3
2.5
1.6
1.6666666666666667
0.1
1.6666666666666667
2
3
4
5
6
7.190972721667453
8
7
2.030820158321872
7.608511744900683
6.190972721667453
3.16762264834192
2.5
1.6
1.6666666666666667
0.1
1.6666666666666667
7.893060038751284
5
6
7
6
1.035
3
5.361654430244049
7.303463591543745
5
6
7
6.693377192802357
7.303463591543745
5.361654430244049
6.693377192802357
7.303463591543745
5
6
7
8
8
1.1987792458678255
5.20248592130042
7.92482586711819
3.3611174579144545
7.5682219862836035
3
1.25
1.25
1.25
1.253611174579144545
1.253611174579144545
9
8.5
8.3
8
7.7
7
6.4
4.5
3
2
1.25
1.25
1.25
1.25
1.25